"0","unique(df_target$LanguageRecommendationSelect)"
"1"," [1]"
"1"," F#      "
"1"," Python  "
"1"," R       "
"1"," SQL     "
"1","         "
"1"," Java    "
"1"," Matlab  "
"1"," C/C++/C#"
"1"," SAS     "
"1"," Stata   "
"1"," Other   "
"1","
"
"1","[12]"
"1"," Julia   "
"1"," Scala   "
"1"," Haskell "
"1","
"
"1","Levels: "
"1"," C/C++/C# F# Haskell Java Julia Matlab Other Python R SAS Scala SQL Stata"
"1","
"
"0","levels(df_target$LanguageRecommendationSelect)"
"1"," [1]"
"1"," """"        "
"1"," ""C/C++/C#"""
"1"," ""F#""      "
"1"," ""Haskell"" "
"1"," ""Java""    "
"1"," ""Julia""   "
"1"," ""Matlab""  "
"1"," ""Other""   "
"1"," ""Python""  "
"1","
"
"1","[10]"
"1"," ""R""       "
"1"," ""SAS""     "
"1"," ""Scala""   "
"1"," ""SQL""     "
"1"," ""Stata""   "
"1","
"
"0","levels(df_target$LanguageRecommendationSelect)[1] <- ""Not specified"""
"0","p1 <- df_target %>% "
"0","    group_by(LanguageRecommendationSelect,GenderSelect) %>% "
"0","    summarise(n=n()) %>% "
"0","    arrange(desc(n)) "
"0","p1 %>% ggplot(aes(x=reorder(LanguageRecommendationSelect,-n),n)) +geom_bar(aes(fill = GenderSelect),stat = 'identity')+theme_minimal()"
